245
335
330
363
132
407
150
290
137
116
322
438
246
107
42
417
420
322
13
379
287
86
69
103
232
279
489
201
132
210
235
244
168
450
192
495
86
288
301
452
313
312
45
193
600
536
358
210
202
87
195
197
346
200
358
311
306
274
11
52
90
253
640
281
442
410
547
375
301
309
116
401
230
108
127
136
357
86
319
280
152
603
450
88
162
375
306
20
129
238
245
411
468
258
316
670
53
348
382
138
344
359
272
295
213
329
176
201
378
68
28
227
297
190
302
261
43
713
167
122
416
18
342
331
216
274
267
362
169
135
344
254
188
327
244
306
400
417
282
379
259
145
395
536
361
317
417
228
413
245
482
297
283
226
495
480
163
105
404
290
205
177
148
286
253
76
281
364
447
329
80
47
193
272
293
295
336
389
233
264
422
395
98
397
4
244
196
7
424
477
870
394
364
171
162
176
308
528
215
157
207
164
510
409
392
71
42
465
100
423
55
444
115
773
298
433
313
158
169
203
355
196
231
187
43
49
278
216
570
198
419
376
158
156
450
309
148
92
55
599
129
166
128
167
282
597
225
134
82
378
380
353
179
449
433
350
219
9
465
363
301
122
554
236
318
167
347
255
217
527
263
77
190
520
368
33
334
386
329
98
132
311
363
233
553
352
159
21
277
187
274
412
101
236
123
197
560
89
279
156
308
342
289
379
490
233
378
223
347
471
223
498
368
321
594
433
325
194
164
570
296
238
303
375
234
58
346
181
403
11
246
407
399
319
334
111
142
215
162
345
263
23
571
218
261
216
529
276
25
337
41
147
185
520
288
12
220
182
291
425
303
255
322
387
280
329
232
161
165
59
20
331
356
308
161
40
221
122
216
88
359
482
186
13
138
314
441
377
113
112
313
517
266
227
281
178
215
301
204
459
475
40
433
376
119
245
194
239
330
533
82
241
34
307
403
90
549
336
46
321
430
476
32
114
338
481
402
323
408
466
524
322
113
94
256
310
408
65
496
269
450
289
189
508
392
130
87
306
151
137
229
239
597
194
191
219
301
309
121
652
261
79
120
51
287
317
218
503
254
226
320
443
332
214
34
406
346
253
220
392
212
653
175
170
662
293
488
290
135
304
161
433
41
140
68
284
273
263
179
338
145
324
405
195
255
256
384
511
208
328
420
585
390
63
270
131
21
262
137
507
397
223
241
382
273
110
344
170
534
166
310
588
367
152
398
90
211
474
58
34
146
193
155
270
309
142
347
208
342
244
327
490
98
458
493
431
404
163
157
147
320
283
297
502
269
311
405
28
125
246
339
214
49
271
366
309
163
37
210
258
239
60
470
198
374
130
266
142
86
9
33
133
111
265
340
86
340
118
69
178
282
241
243
274
303
127
144
5
439
411
591
53
207
354
259
522
6
246
242
201
259
583
312
330
157
404
203
380
360
395
150
348
102
226
131
16
385
104
282
641
376
334
338
306
499
22
90
55
402
181
267
294
168
287
276
307
10
134
558
272
136
270
42
450
301
284
231
537
365
250
479
378
469
322
217
357
207
69
268
52
81
344
432
81
245
366
266
497
127
357
152
207
523
281
519
158
300
237
524
245
456
679
335
65
551
155
267
120
175
357
148
257
182
92
46
413
192
282
102
258
258
16
214
41
501
403
306
314
17
324
434
355
417
84
199
223
204
322
398
114
488
151
192
415
71
170
388
68
150
13
249
209
265
183
363
341
263
349
227
536
257
49
472
189
89
306
241
411
267
315
228
86
259
187
229
185
310
442
253
264
377
487
456
243
246
213
420
113
219
218
278
346
292
245
148
163
33
355
253
379
200
360
84
251
135
652
43
405
222
749
286
256
359
100
75
400
558
86
270
154
74
120
403
375
109
77
243
292
198
46
204
367
148
175
556
257
942
602
165
62
436
464
144
314
61
297
195
214
306
332
373
99
373
480
231
158
428
161
370
394
331
296
253
491
401
283
108
339
391
79
591
310
52
299
248
91
44
388
400
255
478
61
155
307
190
332
387
200
276
217
348
249
345
248
131
456
151
372
154
53
243
249
197
162
281
106
172
138
70
479
364
412
339
252
531
237
231
233
245
516
357
587
196
212
483
356
314
363
273
9
356
419
192
256
164
305
540
84
555
162
36
231
293
233
88
108
203
298
309
165
225
429
410
214
258
190
214
170
309
126
301
56
311
536
354
307
589
112
263
298
227
143
129
610
137
173
535
399
208
167
454
390
473
306
366
467
297
47
300
176
131
286
141
286
96
166
374
486
257
223
60
429
437
354
469
492
282
422
453
123
203
198
274
318
53
489
58
523
199
349
296
318
88
19
405
311
408
115
237
252
178
395
123
183
147
165
88
162
264
325
91
410
102
178
354
453
407
99
204
305
541
206
100
63
320
347
497
157
403
34
579
422
295
247
170
109
397
420
122
285
88
434
312
268
121
182
94
205
208
453
200
271
459
83
245
266
448
464
398
181
178
289
308
346
568
274
184
443
245
151
144
68
167
37
79
365
569
193
230
365
284
285
255
198
243
356
69
116
391
668
252
138
559
148
318
46
447
157
264
358
446
298
392
301
183
346
173
25
141
161
57
286
146
402
327
281
395
168
409
113
223
38
131
475
179
225
266
437
196
230
4
376
292
103
141
57
174
409
539
146
348
97
132
475
250
244
192
18
541
327
422
316
459
481
125
156
329
179
62
90
409
190
164
220
349
212
230
197
155
288
269
525
365
41
322
120
310
313
270
166
576
332
36
361
44
153
184
134
404
289
203
25
113
479
435
487
202
340
347
425
230
526
356
310
348
88
62
487
225
294
170
420
257
410
260
378
139
75
160
29
302
219
287
125
97
194
79
359
216
222
406
237
457
113
433
434
366
360
304
27
334
501
305
402
461
384
247
268
275
132
306
575
249
52
505
200
297
122
297
536
138
201
197
209
396
299
228
297
55
241
143
45
291
251
136
258
405
343
483
83
488
142
191
410
64
108
266
54
297
304
134
355
225
276
364
185
473
126
360
238
205
98
325
265
245
318
194
131
441
9
387
157
445
295
18
251
303
446
557
301
209
39
278
467
368
112
308
302
131
10
445
92
409
81
221
223
295
235
320
252
214
66
90
439
355
521
100
289
285
201
352
515
125
399
348
40
320
197
403
360
263
233
307
33
38
475
85
244
376
631
349
631
733
505
733
955
946
674
645
753
740
763
627
515
956
616
978
653
469
748
584
510
850
851
727
951
821
999
816
702
844
791
669
1041
941
1044
631
671
1032
591
867
604
717
506
955
675
820
790
1041
795
726
863
808
568
744
553
743
834
441
904
817
774
911
852
365
892
982
787
489
573
1019
563
770
559
541
379
526
741
951
632
638
699
587
831
756
694
738
753
747
539
756
727
778
680
1050
634
886
854
765
697
1010
891
1072
802
561
783
641
744
599
658
981
672
778
617
818
1165
868
641
753
911
718
1010
693
496
887
526
579
661
429
653
626
434
775
924
830
808
668
753
411
834
915
697
660
684
655
837
528
649
1282
558
698
596
1040
923
1025
447
930
660
808
565
975
798
765
911
940
974
939
743
814
582
1219
758
1050
813
857
331
514
683
731
589
552
898
792
436
699
773
660
749
605
797
629
742
631
470
660
916
596
583
1137
1081
736
983
901
860
693
951
597
844
829
719
726
786
672
913
629
844
752
784
893
871
613
639
684
577
910
526
706
613
829
433
399
664
643
765
794
738
742
414
560
613
597
661
945
852
849
758
1146
642
551
545
807
737
697
738
842
879
564
525
966
501
666
747
660
774
670
454
601
865
833
569
633
708
861
881
814
688
894
799
615
534
986
929
532
908
1024
429
945
768
770
652
666
882
513
574
615
684
1017
756
576
661
1112
846
777
754
433
973
727
849
915
718
782
278
484
663
434
773
828
825
579
810
716
558
800
645
700
954
959
567
782
891
1123
626
471
1047
440
653
676
636
919
843
622
643
837
581
807
982
939
672
923
865
731
641
715
849
480
871
792
800
539
957
937
696
732
836
679
671
625
1219
961
734
650
933
804
779
760
658
1052
810
647
830
996
742
647
749
545
615
860
764
884
557
870
326
990
826
720
628
758
785
777
687
1006
619
355
579
965
944
717
593
783
601
724
682
502
682
857
891
716
701
1000
779
798
726
889
546
977
673
551
981
761
867
619
887
777
480
749
728
849
648
873
992
752
534
836
565
835
612
403
574
661
709
670
720
532
505
777
719
546
900
784
890
630
709
1032
746
911
495
557
494
987
616
516
818
817
571
923
925
933
815
765
869
743
900
612
981
433
809
498
741
666
791
714
752
716
1067
833
783
620
552
550
477
514
825
859
946
928
741
665
596
725
721
610
605
605
589
628
554
530
616
672
585
767
671
903
838
794
782
823
895
384
919
1093
695
808
536
695
936
917
975
783
685
448
950
803
654
769
775
774
898
598
621
1072
582
589
948
802
907
456
1002
691
985
414
872
709
528
651
854
710
574
754
744
900
749
794
610
717
965
667
475
630
890
483
661
754
815
752
983
565
670
930
836
672
695
985
703
963
694
676
594
822
907
787
607
809
564
1033
851
1108
596
715
847
874
843
690
1143
673
569
782
829
496
675
961
938
628
783
1155
856
976
954
870
844
918
563
969
641
872
769
788
630
522
761
745
968
560
649
608
827
690
590
713
1033
994
1048
676
588
712
734
640
659
784
498
762
712
856
745
958
728
587
965
825
766
889
484
479
653
1052
1041
841
918
710
912
609
555
623
645
796
879
838
668
646
657
1156
681
563
774
483
849
734
497
583
708
746
581
1048
913
901
489
966
697
844
590
755
595
930
747
753
523
239
733
689
643
777
600
884
926
678
1068
917
830
360
384
600
896
913
852
973
432
629
612
903
649
629
677
578
942
795
929
574
841
577
806
1024
809
874
999
717
769
1149
831
906
667
773
670
710
773
672
645
916
900
664
646
682
612
595
762
656
1003
693
629
776
890
581
850
705
702
669
861
609
914
816
584
565
751
694
836
579
811
827
736
799
654
1025
544
890
487
853
840
673
524
809
657
780
617
589
906
594
778
674
842
759
334
693
652
1076
629
767
574
770
680
1135
911
508
677
438
584
493
620
857
645
979
444
928
635
860
728
534
784
937
595
918
784
874
1160
878
805
713
607
467
634
1079
657
841
883
799
764
951
574
339
953
756
720
844
718
630
431
699
736
912
830
749
652
537
865
939
530
509
547
804
1078
283
533
720
798
922
576
669
601
877
512
739
706
670
752
508
953
635
816
497
776
649
1012
756
808
556
761
803
642
719
634
676
841
638
668
736
817
805
1213
496
601
786
744
1057
803
691
626
515
929
723
379
587
834
725
676
721
747
1093
794
681
700
628
959
816
878
928
1210
632
1098
577
703
805
1021
669
550
662
754
874
846
700
696
617
862
461
664
827
913
661
586
911
704
780
706
724
727
809
714
408
587
972
901
513
427
826
456
744
984
1028
687
871
788
753
985
799
