242
244
265
235
240
248
256
245
223
245
231
228
256
254
258
236
242
243
270
265
227
253
264
261
230
261
242
264
268
242
268
255
254
258
211
237
229
226
256
236
271
279
244
233
253
252
232
247
256
274
254
257
231
268
230
246
269
269
253
229
256
266
266
227
265
245
242
242
242
244
246
249
271
262
235
252
248
274
260
262
235
264
255
253
263
238
250
261
235
265
261
244
259
240
260
272
250
254
253
263
244
243
249
252
241
263
291
252
247
257
260
258
264
275
258
275
256
257
260
235
269
278
230
282
248
263
241
248
229
250
236
225
243
264
246
238
245
251
241
260
237
240
273
252
251
233
274
265
309
277
273
242
249
279
232
261
246
249
243
229
252
252
242
240
245
275
250
257
268
262
245
235
257
261
231
248
272
244
266
245
235
254
231
285
252
234
260
243
246
263
256
254
263
251
261
271
245
253
267
252
245
267
268
264
230
248
257
243
261
289
239
252
254
270
256
230
252
268
246
245
237
220
248
249
252
240
245
246
260
244
237
247
243
265
241
260
228
271
252
265
260
251
233
240
266
260
259
253
261
237
256
245
234
243
234
276
243
281
253
271
230
263
260
235
249
254
239
229
244
264
250
229
275
248
242
247
248
235
213
238
271
260
249
233
262
260
257
234
268
256
256
229
222
230
274
255
234
235
248
249
258
278
248
255
279
262
252
250
262
237
288
222
244
250
247
272
247
248
243
257
239
255
267
257
241
241
240
236
274
263
225
279
257
245
250
249
239
258
238
227
240
235
244
259
247
237
259
241
233
268
239
250
270
225
263
269
267
245
260
271
256
238
268
236
237
247
237
264
232
226
243
251
252
253
259
259
238
256
268
262
269
249
258
243
241
254
256
263
244
266
263
269
244
263
250
277
250
245
253
231
237
238
218
245
248
244
240
228
247
237
244
261
262
244
270
251
248
238
253
270
258
253
277
249
263
240
261
242
270
242
242
270
240
234
226
260
236
252
267
268
242
251
269
252
262
246
256
246
239
242
267
249
236
255
257
278
247
233
259
242
250
247
252
241
253
260
254
235
239
255
248
245
266
251
254
259
227
273
249
235
246
225
272
263
225
257
226
246
222
240
235
232
255
242
250
234
265
226
274
259
749
749
766
764
779
753
754
751
748
759
737
739
763
731
761
765
756
753
770
770
745
749
762
764
736
770
755
728
735
756
746
744
771
747
760
753
764
755
751
767
747
730
766
750
753
740
715
751
752
741
772
753
735
745
745
758
741
736
756
741
734
767
733
745
761
768
752
753
746
746
753
737
735
770
738
719
756
747
723
740
730
761
735
709
744
748
743
749
777
762
729
731
740
748
768
761
738
740
759
729
751
755
760
750
756
728
765
751
755
734
764
721
738
724
727
743
760
749
762
761
755
752
751
737
724
745
762
733
776
758
753
736
737
744
767
748
762
732
758
736
749
756
735
749
728
752
752
750
768
748
759
755
755
759
737
774
747
752
735
752
756
752
761
760
757
737
767
744
753
743
750
765
763
751
728
746
740
720
766
755
768
741
754
730
755
750
735
771
748
770
766
754
754
751
746
729
742
759
750
778
733
742
757
739
771
759
758
757
750
770
745
751
728
735
733
738
736
726
763
748
740
729
780
754
767
734
741
748
735
770
756
736
712
736
739
747
741
773
760
736
745
733
751
752
776
742
756
766
765
726
745
729
771
758
747
754
772
736
741
749
738
761
760
745
767
740
755
737
737
738
742
739
765
752
757
749
751
756
745
738
764
755
761
755
738
754
787
766
756
756
750
739
758
750
772
762
737
736
753
742
773
752
766
762
756
747
764
744
725
721
734
736
728
763
745
739
757
761
773
776
752
741
744
747
756
727
752
711
743
730
719
774
752
778
749
743
703
760
737
758
732
756
760
733
758
747
740
766
733
735
761
763
784
744
723
736
726
740
742
751
750
754
747
775
743
735
740
746
730
748
768
772
743
756
740
758
756
754
715
749
750
752
758
758
753
756
775
734
740
761
734
735
751
753
736
728
738
761
748
753
745
713
767
750
743
738
760
778
749
757
746
730
741
758
778
740
763
739
761
765
751
752
739
738
773
743
751
740
747
778
768
746
760
736
732
750
744
770
739
771
754
769
777
757
732
746
768
740
750
734
746
745
717
757
709
787
766
755
768
748
737
762
743
748
763
749
747
769
744
748
765
732
734
748
758
748
754
732
763
743
753
731
763
736
752
762
745
733
755
742
764
743
750
736
743
756
739
748
739
774
