888
973
428
106
655
595
430
717
359
443
519
587
738
478
775
323
108
907
968
117
384
692
798
933
26
537
78
328
488
264
678
786
322
891
268
6
573
365
445
339
230
897
616
796
515
168
112
409
148
687
245
839
977
501
216
789
651
423
7
469
762
183
580
896
74
805
996
512
810
849
433
283
534
18
845
320
713
722
814
478
272
471
756
85
21
142
748
537
631
271
853
402
572
544
461
320
889
175
793
801
26
873
383
651
931
738
361
598
668
833
344
703
699
946
532
922
529
146
655
392
467
271
285
372
929
267
296
413
860
628
448
194
299
766
986
119
832
73
791
790
675
60
990
829
443
265
530
655
488
579
880
175
752
12
571
239
361
246
729
300
427
157
465
87
434
187
514
916
630
418
269
940
629
952
593
234
711
980
367
705
494
595
736
684
811
214
237
350
296
873
583
738
522
340
349
524
101
692
172
875
891
555
801
817
376
495
695
941
831
168
530
427
883
527
920
610
853
709
423
308
792
152
614
486
925
930
823
504
563
379
142
260
807
981
17
166
585
440
48
811
461
821
149
417
538
768
175
952
26
38
42
475
686
427
598
686
428
978
361
211
447
634
58
443
785
156
203
982
863
9
688
77
856
614
576
329
230
643
465
227
808
269
617
494
996
842
460
790
491
927
251
674
961
497
871
740
273
954
947
895
990
175
218
730
867
368
428
99
723
893
891
241
489
223
182
445
413
879
283
733
109
151
204
70
44
843
672
285
825
871
188
596
640
702
183
346
702
103
48
620
147
732
466
294
461
50
92
168
51
23
914
773
823
885
455
375
873
986
74
859
909
233
767
977
349
921
985
434
651
577
142
109
856
462
306
393
534
980
869
944
154
198
436
718
301
994
8
395
45
385
791
460
6
48
18
177
714
761
464
831
292
917
418
921
460
969
550
279
747
56
939
227
413
981
657
226
15
238
375
746
407
365
860
624
879
408
310
3
200
581
928
721
687
928
49
163
988
59
150
967
692
988
857
806
370
468
70
636
639
688
344
717
230
937
541
681
350
805
310
248
396
356
535
851
793
870
627
412
829
370
497
83
602
586
718
527
802
500
125
536
808
460
540
235
420
64
926
348
344
360
382
101
377
299
617
926
676
583
40
529
999
246
950
523
410
208
409
316
745
549
386
797
619
711
47
45
213
946
904
19
245
123
843
430
256
129
285
162
903
749
359
567
742
490
572
835
454
277
251
366
450
302
154
108
312
344
551
397
842
854
114
520
953
102
875
598
533
326
425
684
635
357
212
28
468
33
600
41
568
324
794
181
433
516
52
480
91
920
792
225
186
745
230
627
176
406
900
609
738
859
705
348
134
219
239
960
34
689
615
645
913
716
607
395
347
250
657
237
983
411
928
604
785
523
146
949
976
33
929
86
447
597
164
157
984
588
852
102
696
458
211
731
773
568
494
169
264
994
424
172
606
242
26
188
502
358
919
405
53
385
227
978
917
711
49
572
120
9
534
452
387
746
421
600
598
823
484
517
904
465
14
872
45
51
385
565
158
324
477
889
259
921
269
700
214
521
83
442
84
249
308
55
455
638
989
562
238
766
765
426
89
162
694
357
96
980
298
991
515
525
368
901
642
401
169
340
776
571
90
709
899
351
586
477
993
745
320
163
625
303
35
574
894
506
819
195
305
4
960
171
315
797
37
811
420
262
635
567
879
903
613
856
163
647
6
687
354
666
612
353
945
233
178
39
848
127
783
382
923
130
336
201
573
157
688
897
86
786
711
569
490
851
812
19
855
176
334
858
119
791
606
127
797
817
473
45
882
883
436
776
906
593
680
233
476
618
984
395
35
70
202
120
817
925
203
965
15
960
188
54
286
891
652
711
881
344
18
776
386
701
361
25
670
383
547
678
411
384
665
314
673
640
684
605
756
707
308
569
214
497
609
99
210
891
938
542
522
560
554
282
272
736
865
505
163
556
665
591
895
105
661
326
558
452
50
594
348
64
167
505
31
554
784
89
168
274
509
842
575
166
83
644
428
740
774
764
927
423
718
883
702
828
616
707
337
316
210
491
997
456
57
120
767
589
408
166
107
9
652
116
839
182
982
737
217
706
945
350
391
926
987
498
728
889
471
793
625
305
974
751
553
287
379
3
956
800
359
706
343
941
806
151
461
424
612
770
622
575
867
989
971
847
545
690
146
13
20
86
845
150
679
483
703
433
923
219
544
718
106
984
507
570
437
119
424
226
253
772
495
2
633
373
726
571
595
439
461
295
687
443
