664
534
682
312
435
266
478
209
631
579
505
409
616
435
569
366
507
787
536
750
489
320
525
577
154
620
723
486
668
513
440
832
334
411
362
651
700
777
297
370
654
316
502
532
965
280
408
394
581
460
529
342
358
476
637
377
690
746
205
482
645
635
280
772
578
510
536
549
443
327
412
690
645
471
450
329
433
497
372
420
675
536
385
582
686
691
419
483
697
585
554
698
529
707
367
530
600
566
634
513
589
184
495
613
402
782
512
395
715
438
567
318
713
539
358
147
412
474
269
420
823
530
505
248
650
507
904
667
295
483
522
378
434
328
823
474
693
361
388
558
704
208
677
400
282
697
448
771
247
601
399
573
772
281
348
650
326
394
584
432
422
129
489
530
589
646
615
576
469
318
561
489
151
469
431
613
656
530
315
630
508
535
449
570
419
413
739
510
396
624
95
647
295
582
658
453
431
651
281
732
447
766
164
476
455
709
338
557
542
499
669
443
546
407
571
599
494
619
606
629
631
480
244
267
392
430
492
388
420
471
477
914
393
605
122
603
354
501
279
579
247
624
512
502
332
479
501
820
472
414
407
304
200
282
636
411
438
585
530
407
408
546
326
520
910
529
427
662
549
431
511
562
357
286
774
415
553
352
690
243
386
618
316
796
776
732
598
680
622
608
585
779
595
463
763
526
296
563
274
477
583
620
345
499
655
628
427
308
567
211
433
463
712
552
361
488
509
378
281
183
361
656
592
435
675
483
787
456
654
669
566
491
821
598
677
361
625
590
385
710
538
400
615
825
748
575
755
662
612
448
461
684
599
635
523
91
680
554
321
687
190
616
479
603
41
472
598
468
377
700
489
401
478
484
717
578
166
564
466
639
522
576
506
699
434
478
343
438
422
678
501
566
411
426
311
505
503
606
754
429
491
693
425
301
709
303
531
560
975
428
518
860
510
468
325
305
464
317
418
392
571
305
439
458
220
241
174
387
556
399
430
407
695
320
708
526
563
434
490
566
535
541
604
492
787
455
515
321
185
367
396
641
452
432
301
369
358
642
524
540
118
583
489
581
517
597
483
696
605
346
419
605
285
531
732
372
399
486
388
251
797
159
239
515
736
352
207
496
547
586
640
464
460
989
397
336
352
860
660
573
185
563
399
531
427
489
323
588
562
659
451
506
448
419
584
530
194
570
332
532
399
411
723
354
697
677
591
758
579
755
336
517
312
567
569
498
422
552
415
481
496
686
514
467
401
478
459
378
375
496
484
610
497
383
400
580
698
192
255
713
395
435
366
377
209
348
561
582
253
563
398
431
521
351
546
686
586
536
222
407
417
352
847
658
692
508
416
672
682
374
446
463
294
414
798
628
693
388
469
229
701
638
294
680
594
499
663
639
389
803
880
534
439
524
455
524
415
687
390
530
351
572
360
604
348
760
494
590
623
542
519
973
873
529
766
138
501
391
330
630
647
227
581
689
425
627
606
486
319
595
316
539
444
381
506
530
704
669
521
365
658
481
531
428
406
365
300
736
372
617
351
516
575
491
845
467
51
419
476
338
445
810
266
328
575
288
535
633
324
896
633
395
763
428
545
475
692
444
514
422
665
753
405
315
550
724
580
508
755
300
657
342
866
331
540
625
828
575
311
307
350
447
340
549
389
475
353
179
482
680
623
559
538
550
611
676
548
423
403
286
685
551
342
680
525
644
375
546
575
365
459
713
536
535
501
332
459
779
334
539
718
924
458
325
609
545
686
291
586
296
514
348
545
332
290
478
449
331
535
435
352
789
538
754
420
498
624
291
262
369
558
338
382
388
344
205
554
364
468
116
355
694
201
568
474
540
103
500
457
513
620
337
404
434
495
437
382
550
331
332
310
519
406
461
666
383
620
264
468
714
469
271
741
459
643
494
496
283
198
390
444
327
689
609
603
466
237
362
419
575
610
323
442
521
530
572
395
508
238
529
333
669
692
582
494
237
549
579
827
424
447
344
528
664
530
583
720
488
367
360
570
526
592
339
413
388
380
889
564
535
367
640
487
587
379
657
740
690
455
969
358
282
285
535
832
369
294
530
469
721
431
640
258
816
576
375
677
475
747
484
526
566
711
518
300
606
307
436
609
812
270
538
633
286
503
691
644
409
454
657
644
471
553
456
295
639
361
385
629
534
386
742
279
355
435
704
628
391
272
523
717
456
444
413
746
858
548
269
422
558
742
690
388
537
607
642
542
505
476
460
862
382
475
548
684
641
233
502
534
657
579
388
603
552
650
524
102
473
418
514
495
235
167
442
460
442
507
836
437
648
337
286
304
437
339
848
650
764
665
597
533
376
786
268
827
152
439
641
621
742
421
668
690
643
373
789
473
351
295
629
395
721
480
426
665
364
664
244
590
577
613
619
654
520
385
785
385
301
222
429
173
563
808
428
341
458
355
253
424
515
508
392
309
292
625
465
436
442
583
118
655
468
616
425
493
635
546
488
202
546
360
576
282
464
257
552
581
294
731
425
611
332
250
410
494
533
426
620
492
462
282
412
304
438
411
359
375
680
218
516
637
576
815
608
571
408
540
460
646
653
349
625
488
364
195
341
449
489
284
159
468
366
609
233
365
293
679
132
555
435
515
473
607
416
375
413
202
646
308
256
664
370
572
564
603
529
308
548
438
528
419
481
406
659
690
662
538
600
656
617
797
513
812
409
705
352
308
327
480
473
323
615
697
400
413
161
409
642
427
382
479
436
502
542
544
447
385
450
721
507
745
575
695
564
381
439
527
370
547
758
564
654
558
399
568
427
391
739
649
310
254
334
805
645
618
411
752
339
484
563
592
512
268
546
513
577
284
531
759
275
580
755
729
312
359
423
369
370
370
296
711
329
532
404
302
698
475
516
797
555
714
391
635
475
357
511
789
266
627
833
782
438
626
605
365
715
757
549
372
389
546
382
688
575
216
407
446
449
407
677
677
334
613
571
525
440
537
442
494
291
264
262
97
558
780
389
563
537
425
594
447
284
189
314
336
767
463
368
614
556
368
717
311
252
784
345
562
580
483
584
469
359
525
552
519
762
642
463
675
677
624
491
381
460
583
494
614
752
532
370
269
369
552
414
566
66
345
544
347
495
260
402
642
359
853
496
563
426
533
429
115
531
274
806
106
652
485
638
245
539
279
789
223
516
518
66
264
341
576
360
131
722
411
293
711
259
141
762
404
502
652
501
725
455
490
676
389
636
420
876
700
506
227
417
504
243
473
449
679
253
667
376
683
608
427
305
572
181
333
551
425
752
360
516
204
673
345
167
462
416
38
412
352
240
309
508
553
332
338
662
693
588
278
498
565
880
274
283
617
419
453
501
579
315
405
316
626
706
315
493
433
455
189
712
588
674
366
570
581
862
722
410
481
534
463
551
452
558
361
788
474
637
532
603
530
636
397
553
638
597
383
457
251
459
459
675
776
329
800
412
188
278
545
396
604
837
384
656
316
578
448
571
449
273
694
522
647
494
788
559
620
564
388
340
141
508
337
561
288
293
574
543
364
291
585
531
449
910
651
610
574
378
274
318
418
528
189
174
719
696
694
357
629
674
590
566
282
708
274
577
735
401
454
417
423
751
296
862
511
529
491
453
432
319
437
529
501
638
264
546
635
797
259
429
827
499
483
800
402
582
483
711
458
501
516
423
311
709
672
321
105
651
522
495
390
817
508
704
750
532
912
330
487
623
691
436
253
891
516
613
425
471
344
452
429
424
605
512
273
346
426
384
731
857
549
473
415
656
324
339
452
278
711
492
778
648
607
499
362
776
637
428
390
919
523
548
400
256
756
341
656
413
382
451
557
610
488
521
675
706
383
145
346
510
475
407
430
354
533
470
568
161
483
591
498
415
588
374
734
354
476
732
79
741
308
152
581
466
564
330
87
817
485
581
380
429
342
451
522
289
748
720
528
267
415
373
609
590
698
623
591
405
783
383
732
553
233
453
480
536
535
717
305
663
408
736
343
241
458
308
730
199
648
566
445
412
553
696
549
712
339
493
514
380
298
619
630
506
598
396
597
619
683
486
469
373
535
745
732
581
445
711
489
260
496
695
371
590
385
463
498
321
362
543
131
325
320
306
410
261
631
311
479
558
426
124
556
235
876
579
680
445
375
625
486
440
682
785
245
622
311
561
264
408
353
372
317
373
353
906
475
453
365
331
534
579
627
480
87
585
324
530
692
547
656
167
554
698
553
268
711
713
490
298
799
341
460
326
511
692
700
479
370
375
513
824
330
564
654
767
565
485
369
614
450
277
830
314
654
539
711
682
429
598
464
490
813
549
396
697
233
382
777
451
507
511
473
499
826
376
913
258
536
662
429
279
646
679
358
817
460
657
460
456
884
768
222
385
509
449
420
370
284
789
686
683
749
810
810
355
468
626
401
376
745
885
307
425
365
580
542
875
383
256
398
575
297
643
630
731
567
322
549
390
595
560
494
340
471
446
533
289
603
463
430
237
225
254
401
576
374
630
368
525
592
482
439
623
799
712
817
613
437
279
567
525
406
