234
356
247
349
402
325
205
401
197
62
91
250
357
155
408
381
240
209
110
348
385
314
378
94
405
293
169
163
560
233
184
315
306
337
390
185
357
461
70
314
355
1
119
510
366
530
195
57
295
206
32
271
281
60
246
191
431
70
289
490
374
251
388
98
476
171
263
430
379
223
355
329
263
110
170
277
208
255
202
225
213
394
110
315
535
369
390
317
273
369
440
284
41
299
138
480
186
518
55
146
121
231
27
330
194
61
104
622
12
261
115
372
248
368
62
155
200
611
384
257
326
554
456
485
165
178
605
85
113
506
271
321
106
310
259
301
377
418
84
178
310
351
329
184
240
217
393
349
65
221
349
473
276
128
260
145
471
375
499
207
209
79
544
305
460
586
194
262
728
332
287
159
252
235
422
258
416
377
610
504
463
526
529
33
500
330
169
164
321
378
379
407
158
47
133
347
243
484
7
232
174
202
84
259
344
412
385
231
236
289
400
377
8
394
247
90
383
202
142
229
371
222
434
172
467
365
169
457
97
176
141
68
598
393
123
394
592
49
110
427
261
470
277
187
216
222
285
253
288
223
57
415
475
133
361
107
389
124
253
644
395
363
397
31
278
300
443
314
80
172
489
150
233
245
388
289
85
296
380
373
248
239
189
85
414
67
477
191
436
217
233
213
430
43
472
178
180
493
274
210
242
169
361
552
3
132
258
234
381
244
142
162
168
46
527
8
550
258
457
312
48
379
299
24
10
579
104
296
496
315
384
60
133
307
301
55
335
99
420
408
282
97
596
273
141
111
243
189
231
108
356
199
266
274
304
132
377
260
148
575
418
151
269
183
71
336
429
200
262
227
366
401
607
139
510
329
478
325
323
345
136
92
192
334
315
179
200
447
218
338
116
659
321
151
710
227
144
202
111
268
386
273
149
256
203
168
635
150
238
177
432
394
269
242
276
257
261
145
389
13
352
318
267
190
16
75
485
290
215
456
148
183
397
218
199
19
138
237
363
424
68
379
258
374
68
223
87
594
368
108
4
453
749
150
397
476
247
414
276
495
245
172
360
202
308
153
381
260
297
419
253
183
15
299
132
229
454
226
316
454
325
257
343
379
419
308
322
159
50
360
386
248
21
219
309
440
409
441
165
653
128
134
173
168
388
360
192
501
259
422
561
210
439
379
217
331
153
295
288
369
410
347
231
201
294
310
239
246
254
239
271
434
198
62
352
226
265
119
407
560
240
114
413
173
307
190
123
391
92
227
178
283
364
152
290
95
407
117
210
401
549
403
227
312
427
152
35
595
87
280
202
84
560
249
126
425
223
256
259
71
557
208
369
189
32
128
239
100
122
266
514
80
265
190
371
230
81
279
260
110
189
379
137
27
348
419
69
215
237
205
143
216
215
305
117
239
306
624
535
206
351
292
250
368
445
263
384
218
264
217
280
307
136
419
247
217
361
312
194
302
137
570
294
359
469
373
313
283
176
92
146
387
404
432
93
401
174
295
79
188
121
198
98
280
243
96
35
15
86
352
585
419
343
143
259
523
405
569
811
246
411
101
504
479
135
166
233
232
522
392
199
306
489
23
441
234
413
153
667
136
16
338
389
315
256
234
427
353
239
385
117
87
314
287
578
209
501
194
272
462
191
335
208
163
146
176
205
304
188
268
334
274
248
475
94
259
365
280
456
277
153
235
350
344
81
16
20
507
82
220
176
330
435
522
184
146
416
295
149
498
201
426
235
110
198
251
132
191
306
12
302
346
373
262
800
236
65
36
86
272
3
192
23
261
112
196
64
11
162
366
55
88
273
298
39
100
275
118
226
116
216
54
143
695
546
294
365
85
489
618
176
496
334
229
371
136
258
451
656
338
215
411
34
392
158
319
616
138
205
362
599
490
121
314
310
371
402
253
397
344
88
37
438
100
146
299
437
144
95
297
348
284
179
213
331
358
209
389
230
238
192
371
348
306
305
113
337
230
293
275
430
165
76
148
371
259
386
132
274
239
435
221
489
88
282
108
180
467
597
350
276
205
279
443
292
284
480
327
164
437
450
75
94
570
24
30
431
309
60
317
148
221
401
50
110
333
552
347
287
68
341
402
291
170
202
220
381
259
186
193
334
362
210
87
232
187
199
205
219
143
478
251
428
487
246
317
162
145
67
273
287
217
435
434
165
300
465
185
78
201
84
284
427
343
269
373
154
338
131
205
400
253
203
194
530
205
4
279
71
200
255
334
117
70
142
373
118
504
219
324
412
457
88
109
92
413
541
131
267
242
225
619
297
306
58
217
333
34
242
179
365
415
524
106
38
484
301
349
204
417
15
300
216
138
166
147
314
196
149
311
383
296
261
291
99
201
497
272
89
275
137
378
475
109
194
337
160
285
20
134
414
176
493
48
104
321
326
221
452
375
323
259
330
79
425
64
468
439
508
436
398
279
137
263
312
383
329
478
124
302
376
453
396
427
442
182
67
201
218
33
335
213
257
204
225
199
420
24
376
833
274
267
291
439
257
80
189
198
4
331
301
231
245
262
320
43
178
198
48
233
475
162
508
627
585
180
190
485
280
203
268
51
250
119
197
424
326
23
438
172
216
119
415
392
197
95
140
342
388
237
152
243
412
277
213
74
149
256
316
233
296
144
365
315
96
182
10
87
272
379
264
327
149
256
244
40
80
94
357
469
452
402
185
352
179
22
215
55
306
359
50
637
520
544
213
218
48
67
158
344
224
72
241
451
384
50
137
169
84
421
317
201
395
338
60
332
298
424
432
326
142
247
78
436
437
95
316
344
522
297
363
275
350
255
165
477
395
332
151
518
245
276
556
202
401
368
325
23
161
252
52
379
89
112
431
296
215
258
615
217
488
365
155
438
679
463
207
273
449
85
234
188
317
362
402
388
189
405
427
223
202
185
49
78
323
148
65
283
333
415
363
209
336
227
338
133
11
187
262
197
335
151
229
197
437
109
197
252
326
479
137
308
446
506
127
346
198
567
276
108
184
530
360
310
203
221
307
131
429
289
490
157
136
343
282
318
195
116
348
508
255
292
1
405
295
232
407
262
82
114
643
182
261
279
396
291
154
535
249
144
91
399
186
187
70
516
399
29
339
302
338
307
220
203
496
200
195
312
515
473
635
446
176
384
274
313
247
432
307
237
194
336
376
90
446
381
152
248
120
381
476
371
386
492
281
47
388
203
531
47
228
308
366
242
293
263
591
491
282
278
497
275
189
8
43
554
369
385
123
727
222
488
224
355
215
296
501
95
97
266
500
484
325
404
654
275
28
519
145
278
274
172
356
309
142
202
353
91
148
364
127
306
543
390
203
422
200
189
381
289
495
275
235
609
201
519
273
43
519
348
196
717
286
349
115
300
423
279
243
445
331
451
246
248
165
208
451
150
257
414
319
370
218
86
262
194
559
92
552
207
140
409
418
534
396
145
301
59
52
149
42
206
496
36
397
335
575
434
515
216
252
146
209
235
309
251
12
22
260
156
98
283
136
429
394
264
495
193
264
58
602
48
468
121
194
329
207
800
474
51
286
325
35
451
260
243
622
140
101
241
378
58
508
117
5
227
99
386
396
157
185
511
431
167
159
250
467
136
296
72
61
167
483
253
469
125
105
277
274
5
79
273
376
517
201
250
301
254
236
538
432
451
313
85
298
76
434
108
340
402
339
188
154
231
378
238
537
356
396
312
254
206
224
335
281
37
191
318
61
343
135
466
408
317
243
347
128
256
282
254
194
394
301
46
216
385
192
66
151
362
123
211
355
391
245
105
482
110
245
313
295
377
371
104
514
446
253
41
297
328
325
233
233
162
301
259
212
340
193
325
520
289
169
347
43
389
229
69
117
340
35
175
412
329
100
787
87
355
558
53
222
126
256
248
346
204
201
358
502
346
247
217
443
411
121
549
463
476
121
393
405
332
286
383
259
437
118
422
506
486
346
441
524
50
149
4
202
284
138
263
196
470
294
236
265
449
147
60
213
282
548
134
437
296
149
358
472
161
481
268
111
295
202
117
61
584
285
288
569
230
202
105
23
3
158
281
158
304
202
591
268
670
367
298
162
191
368
323
334
337
343
267
96
35
145
80
557
416
89
82
522
44
284
333
218
520
263
215
376
383
350
265
275
27
108
82
330
262
248
153
519
131
511
38
181
589
439
248
220
259
572
221
102
172
332
191
655
167
269
131
63
498
112
596
297
419
320
529
398
398
102
11
733
133
256
343
440
130
134
211
482
336
134
101
552
162
331
338
98
119
119
336
406
375
337
257
418
417
252
168
147
